COUPLED_SW2_BMJ     0.500000
      18.0500      5.30000    0.0500000      0.00000      0.00000      23.4000
COUPLED_SW2_BMJ      1.00000
      7.80000      3.95000    0.0500000      0.00000      0.00000      11.8000
COUPLED_SW2_BMJ      1.50000
      1.95000      2.25000    0.0500000      0.00000      0.00000      4.25000
COUPLED_SW2_BMJ      2.00000
     0.500000     0.650000      0.00000      0.00000      0.00000      1.15000
COUPLED_SW2_BMJ      2.50000
      0.00000     0.150000      0.00000      0.00000      0.00000     0.150000
FORCED_SW2_BMJ     0.500000
      27.0500      11.6000     0.600000      0.00000      0.00000      39.2500
FORCED_SW2_BMJ      1.00000
      17.3500      11.4500     0.600000      0.00000      0.00000      29.4000
FORCED_SW2_BMJ      1.50000
      8.40000      10.5500     0.600000      0.00000      0.00000      19.5500
FORCED_SW2_BMJ      2.00000
      4.00000      9.15000     0.550000      0.00000      0.00000      13.7000
FORCED_SW2_BMJ      2.50000
      1.50000      6.65000     0.500000      0.00000      0.00000      8.65000
COUPLED_SW2_KF     0.500000
      12.5500      24.0500      7.55000     0.950000      0.00000      45.1000
COUPLED_SW2_KF      1.00000
      6.05000      19.5000      6.95000     0.850000      0.00000      33.3500
COUPLED_SW2_KF      1.50000
      1.05000      11.2500      5.40000     0.750000      0.00000      18.4500
COUPLED_SW2_KF      2.00000
     0.250000      4.05000      3.20000     0.450000      0.00000      7.95000
COUPLED_SW2_KF      2.50000
    0.0500000      1.00000     0.900000     0.150000      0.00000      2.10000
FORCED_SW2_KF     0.500000
      11.4444      21.0000      13.2222      3.11111      0.00000      48.7778
FORCED_SW2_KF      1.00000
      6.55556      19.3333      12.8889      3.11111      0.00000      41.8889
FORCED_SW2_KF      1.50000
      3.11111      15.3333      12.5556      2.88889      0.00000      33.8889
FORCED_SW2_KF      2.00000
     0.777778      10.6667      12.1111      2.66667      0.00000      26.2222
FORCED_SW2_KF      2.50000
     0.111111      6.44444      10.7778      2.44444      0.00000      19.7778
