COUPLED_SW2_BMJ     0.500000
      0.00000      13.1500      9.95000     0.300000      0.00000      23.4000
COUPLED_SW2_BMJ      1.00000
      0.00000      5.20000      6.35000     0.250000      0.00000      11.8000
COUPLED_SW2_BMJ      1.50000
      0.00000      1.10000      3.00000     0.150000      0.00000      4.25000
COUPLED_SW2_BMJ      2.00000
      0.00000     0.200000     0.950000      0.00000      0.00000      1.15000
COUPLED_SW2_BMJ      2.50000
      0.00000      0.00000     0.150000      0.00000      0.00000     0.150000
FORCED_SW2_BMJ     0.500000
     0.100000      21.1500      15.4000      2.60000      0.00000      39.2500
FORCED_SW2_BMJ      1.00000
      0.00000      12.2500      14.5500      2.60000      0.00000      29.4000
FORCED_SW2_BMJ      1.50000
      0.00000      4.70000      12.2500      2.60000      0.00000      19.5500
FORCED_SW2_BMJ      2.00000
      0.00000      1.70000      9.55000      2.45000      0.00000      13.7000
FORCED_SW2_BMJ      2.50000
      0.00000     0.550000      6.00000      2.10000      0.00000      8.65000
COUPLED_SW2_KF     0.500000
      0.00000      6.30000      23.5000      14.3500     0.950000      45.1000
COUPLED_SW2_KF      1.00000
      0.00000      2.05000      17.5000      12.9500     0.850000      33.3500
COUPLED_SW2_KF      1.50000
      0.00000     0.250000      8.10000      9.35000     0.750000      18.4500
COUPLED_SW2_KF      2.00000
      0.00000    0.0500000      2.60000      4.85000     0.450000      7.95000
COUPLED_SW2_KF      2.50000
      0.00000      0.00000     0.650000      1.30000     0.150000      2.10000
FORCED_SW2_KF     0.500000
      0.00000      7.66667      18.6667      19.3333      3.11111      48.7778
FORCED_SW2_KF      1.00000
      0.00000      3.88889      16.3333      18.5556      3.11111      41.8889
FORCED_SW2_KF      1.50000
      0.00000      1.44444      12.0000      17.5556      2.88889      33.8889
FORCED_SW2_KF      2.00000
      0.00000     0.111111      7.11111      16.3333      2.66667      26.2222
FORCED_SW2_KF      2.50000
      0.00000      0.00000      3.22222      14.1111      2.44444      19.7778
